begin spart;
Project_name = core_gene_alignment;
Date = 2023-12-26T11:17:58;
N_spartitions = 5 : core_gene_alignment_abgd_init_1 / core_gene_alignment_abgd_init_2 / core_gene_alignment_abgd_init_3 / core_gene_alignment_abgd_init_4 / core_gene_alignment_abgd_init_5;
N_individuals = 47 / 47 / 47 / 47 /  47;
N_subsets = 11 / 11 / 11 / 8 / 8;
[Generated by ABGD with Distance K80 Kimura / MinSlope = 1.500000]
[Barcode gap distance :]
[1.00e-03 / 1.67e-03 / 2.78e-03 / 4.64e-03 / 7.742637e-03]
[WARNING: The sample names below may have been changed to fit SPART specification (only alphanumeric characters and _ )]
Individual_assignment = 
AB14_VUB : 1 / 1 / 1 / 1 / 1
AB16_VUB : 2 / 2 / 2 / 1 / 1
AB167_VUB : 2 / 2 / 2 / 1 / 1
AB169_VUB : 3 / 3 / 3 / 1 / 1
AB171_VUB : 2 / 2 / 2 / 1 / 1
AB172_VUB : 2 / 2 / 2 / 1 / 1
AB173_VUB : 2 / 2 / 2 / 1 / 1
AB175_VUB : 2 / 2 / 2 / 1 / 1
AB176_VUB : 1 / 1 / 1 / 1 / 1
AB177_VUB : 4 / 4 / 4 / 2 / 2
AB179_VUB : 5 / 5 / 5 / 3 / 3
AB180_VUB : 2 / 2 / 2 / 1 / 1
AB181_VUB : 2 / 2 / 2 / 1 / 1
AB183_VUB : 2 / 2 / 2 / 1 / 1
AB186_VUB : 4 / 4 / 4 / 2 / 2
AB187_VUB : 1 / 1 / 1 / 1 / 1
AB188_VUB : 1 / 1 / 1 / 1 / 1
AB189_VUB : 2 / 2 / 2 / 1 / 1
AB193_VUB : 2 / 2 / 2 / 1 / 1
AB194_VUB : 2 / 2 / 2 / 1 / 1
AB20_VUB : 1 / 1 / 1 / 1 / 1
AB21_VUB : 6 / 6 / 6 / 4 / 4
AB212_VUB : 2 / 2 / 2 / 1 / 1
AB213_VUB : 2 / 2 / 2 / 1 / 1
AB214_VUB : 2 / 2 / 2 / 1 / 1
AB216_VUB : 2 / 2 / 2 / 1 / 1
AB217_VUB : 2 / 2 / 2 / 1 / 1
AB219_VUB : 2 / 2 / 2 / 1 / 1
AB220_VUB : 2 / 2 / 2 / 1 / 1
AB222_VUB : 2 / 2 / 2 / 1 / 1
AB224_VUB : 2 / 2 / 2 / 1 / 1
AB226_VUB : 2 / 2 / 2 / 1 / 1
AB227_VUB : 3 / 3 / 3 / 1 / 1
AB229_VUB : 3 / 3 / 3 / 1 / 1
AB231_VUB : 7 / 7 / 7 / 1 / 1
AB232_VUB : 3 / 3 / 3 / 1 / 1
AB233_VUB : 2 / 2 / 2 / 1 / 1
AB3_VUB : 2 / 2 / 2 / 1 / 1
AB32_VUB : 8 / 8 / 8 / 5 / 5
AB36_VUB : 2 / 2 / 2 / 1 / 1
AB39_VUB : 2 / 2 / 2 / 1 / 1
AB40_VUB : 6 / 6 / 6 / 4 / 4
AB5075_VUB : 3 / 3 / 3 / 1 / 1
AB9_VUB : 1 / 1 / 1 / 1 / 1
ATCC17978_VUB : 9 / 9 / 9 / 6 / 6
ATCC19606_VUB : 10 / 10 / 10 / 7 / 7
DSM30011_VUB : 11 / 11 / 11 / 8 / 8;
end;
